course_name : ["c0001" "c0002" "c0004" "c0005" "c0014" "c0015" "c0016" "c0017" "c0024" "c0025" "c0078" "c0030" "c0031" "c0032" "c0033" "c0057"
"c0058" "c0059" "c0061" "c0062" "c0063" "c0064" "c0065" "c0066" "c0067" "c0068" "c0069" "c0070" "c0071" "c0072"]

room_name : ["B" "C" "E" "F" "G" "S"]

curricula_name : ["q000" "q001" "q002" "q003" "q004" "q005" "q006" "q007" "q008" "q009" "q010" "q011" "q012" "q013"]

Number_of_student : [130 75 117 75 65 65 65 65 55 55 55 20 11 31 31 2 2 7 6 10 8 6 5 14 7 9 7 4 10 9]
Capacity : [200 100 9 30 20 30]
Min_days : [4 4 3 3 1 3 3 2 3 3 4 4 4 1 4 4 4 4 4 4 4 4 4 4 4 4 4 4 4 4]
Number_of_class : [6 6 7 3 1 8 7 2 4 8 5 5 5 1 6 5 5 6 6 5 6 6 6 6 5 6 6 4 4 6]

A : [(1 1) 1 (2 2) 1 (3 3) 1 (4 4) 1 (5 5) 1 (6 6) 1 (7 7) 1 (8 8) 1 (9 9) 1 (10 10) 1
    (11 11) 1 (12 12) 1 (13 13) 1 (14 14) 1 (15 15) 1 (16 16) 1 (17 17) 1 (18 18) 1 (19 19) 1 (20 20) 1
    (21 21) 1 (22 21) 1 (23 22) 1 (24 9) 1 (25 23) 1 (26 24) 1 (27 8) 1 (28 3) 1 (29 2) 1 (30 4) 1]

B : [(1 1) 1 (2 1) 1 (3 1) 1 (4 1) 1 (5 2) 1 (6 2) 1 (7 2) 1 (8 2) 1 (1 3) 1 (9 3) 1 (10 3) 1 (11 3) 1
    (12 4) 1 (14 4) 1 (15 4) 1 (13 5) 1 (14 5) 1 (15 5) 1 (24 6) 1 (28 6) 1 (30 6) 1 (16 7) 1 (18 7) 1
    (19 8) 1 (20 8) 1 (18 9) 1 (23 9) 1 (30 9) 1 (21 10) 1 (22 10) 1 (24 10) 1 (29 10) 1 (17 11) 1 (21 11) 1
    (26 11) 1 (27 12) 1 (25 12) 1 (26 12) 1 (3 13) 1 (20 14) 1 (24 14) 1 (29 14) 1]
